Cyaegha	14.3	1,007,232
レータイスパークEx	14.2	1,007,403
Like the Wind［Reborn］	14.5	1,005,760
Fracture Ray	14.7	1,004,469
中学2年生のアンドロイド	14.3	1,006,232
大天使ユリア★降臨	14.3	1,006,247
おまかせ!!トラブルメイ娘☆とれびちゃん	14.1	1,007,208
アイリちゃんは暗黒魔道士！	14.0	1,007,653
燃えてもエンジョイ！宛城、炎上！！	14.3	1,005,930
サドマミホリック	14.2	1,006,357
こちら、幸福安心委員会です。	14.0	1,007,305
幻想のサテライト	14.2	1,006,214
グリーンライツ・セレナーデ	13.8	1,008,939
最終鬼畜妹フランドール・S	14.4	1,005,187
害虫	14.2	1,006,131
ナイト・オブ・ナイツ(USAO Remix)	14.4	1,004,871
Here We Go	13.9	1,007,417
SON OF SUN	14.4	1,004,772
Walzer fur das Nichts	14.6	1,002,689
TREAT OR TREAT?	13.7	1,009,661
キラメケ→Shoot it Now!	13.9	1,007,194
ヒバナ	13.7	1,008,611
せかいせいふく！ゆりあちゃん！	14.4	1,004,052
YURUSHITE	14.9	997,429
VERTeX	14.7	1,000,987
ロストワードクロニカル	13.7	1,008,335
KattobiKEIKYURider	14.8	999,313
GERBERA	14.5	1,002,738
Taiko Drum Monster	14.3	1,004,736
"エンドマークに希望と涙を添えて
〜イロドリミドリアレンジ〜"	13.8	1,007,393
